"max_spares_ion\max_spares_rps"
, 100, 110, 120, 130, 140, 150, 160, 170, 180, 190, 200
1, 2130257.9197978573, 1757384.8242026127, 1656706.699915462, 1642737.471643614, 1641823.5689281574, 1641867.5693315673, 1641946.8879780471, java.lang.NullPointerException: Cannot invoke "odd.ODDNode.getEOff()" because "<parameter2>" is null, java.lang.NullPointerException: Cannot invoke "odd.ODDNode.getEOff()" because "<parameter2>" is null, [22789.91458367673,1.4253754003832312E7], [22789.91458367673,1.4253754003832312E7]
2, [22789.91458367673,1.4253754003832312E7], [22789.91458367673,1.4253754003832312E7], [22789.91458367673,1.4253754003832312E7], [22789.91458367673,1.4253754003832312E7], [22789.91458367673,1.4253754003832312E7], [22789.91458367673,1.4253754003832312E7], [22789.91458367673,1.4253754003832312E7], [22789.91458367673,1.4253754003832312E7], [22789.91458367673,1.4253754003832312E7], [22789.91458367673,1.4253754003832312E7], [22789.91458367673,1.4253754003832312E7]
3, [22789.91458367673,1.4253754003832312E7], [22789.91458367673,1.4253754003832312E7], [22789.91458367673,1.4253754003832312E7], [22789.91458367673,1.4253754003832312E7], [22789.91458367673,1.4253754003832312E7], [22789.91458367673,1.4253754003832312E7], [22789.91458367673,1.4253754003832312E7], [22789.91458367673,1.4253754003832312E7], [22789.91458367673,1.4253754003832312E7], [22789.91458367673,1.4253754003832312E7], [22789.91458367673,1.4253754003832312E7]
4, [22789.91458367673,1.4253754003832312E7], [22789.91458367673,1.4253754003832312E7], [22789.91458367673,1.4253754003832312E7], [22789.91458367673,1.4253754003832312E7], [22789.91458367673,1.4253754003832312E7], [22789.91458367673,1.4253754003832312E7], [22789.91458367673,1.4253754003832312E7], [22789.91458367673,1.4253754003832312E7], [22789.91458367673,1.4253754003832312E7], [22789.91458367673,1.4253754003832312E7], [22789.91458367673,1.4253754003832312E7]
5, [22789.91458367673,1.4253754003832312E7], [22789.91458367673,1.4253754003832312E7], [22789.91458367673,1.4253754003832312E7], [22789.91458367673,1.4253754003832312E7], [22789.91458367673,1.4253754003832312E7], [22789.91458367673,1.4253754003832312E7], [22789.91458367673,1.4253754003832312E7], [22789.91458367673,1.4253754003832312E7], [22789.91458367673,1.4253754003832312E7], [22789.91458367673,1.4253754003832312E7], [22789.91458367673,1.4253754003832312E7]
6, [22789.91458367673,1.4253754003832312E7], [22789.91458367673,1.4253754003832312E7], [22789.91458367673,1.4253754003832312E7], [22789.91458367673,1.4253754003832312E7], [22789.91458367673,1.4253754003832312E7], [22789.91458367673,1.4253754003832312E7], [22789.91458367673,1.4253754003832312E7], [22789.91458367673,1.4253754003832312E7], [22789.91458367673,1.4253754003832312E7], [22789.91458367673,1.4253754003832312E7], [22789.91458367673,1.4253754003832312E7]
7, [22789.91458367673,1.4253754003832312E7], [22789.91458367673,1.4253754003832312E7], [22789.91458367673,1.4253754003832312E7], [22789.91458367673,1.4253754003832312E7], [22789.91458367673,1.4253754003832312E7], [22789.91458367673,1.4253754003832312E7], [22789.91458367673,1.4253754003832312E7], [22789.91458367673,1.4253754003832312E7], [22789.91458367673,1.4253754003832312E7], [22789.91458367673,1.4253754003832312E7], [22789.91458367673,1.4253754003832312E7]
8, [22789.91458367673,1.4253754003832312E7], [22789.91458367673,1.4253754003832312E7], [22789.91458367673,1.4253754003832312E7], [22789.91458367673,1.4253754003832312E7], [22789.91458367673,1.4253754003832312E7], [22789.91458367673,1.4253754003832312E7], [22789.91458367673,1.4253754003832312E7], [22789.91458367673,1.4253754003832312E7], [22789.91458367673,1.4253754003832312E7], [22789.91458367673,1.4253754003832312E7], [22789.91458367673,1.4253754003832312E7]
9, [22789.91458367673,1.4253754003832312E7], [22789.91458367673,1.4253754003832312E7], [22789.91458367673,1.4253754003832312E7], [22789.91458367673,1.4253754003832312E7], [22789.91458367673,1.4253754003832312E7], [22789.91458367673,1.4253754003832312E7], [22789.91458367673,1.4253754003832312E7], [22789.91458367673,1.4253754003832312E7], [22789.91458367673,1.4253754003832312E7], [22789.91458367673,1.4253754003832312E7], [22789.91458367673,1.4253754003832312E7]
10, [22789.91458367673,1.4253754003832312E7], [22789.91458367673,1.4253754003832312E7], [22789.91458367673,1.4253754003832312E7], [22789.91458367673,1.4253754003832312E7], [22789.91458367673,1.4253754003832312E7], [22789.91458367673,1.4253754003832312E7], [22789.91458367673,1.4253754003832312E7], [22789.91458367673,1.4253754003832312E7], [22789.91458367673,1.4253754003832312E7], [22789.91458367673,1.4253754003832312E7], [22789.91458367673,1.4253754003832312E7]
